0.000000
-0.001649
-0.006231
-0.013957
-0.023661
-0.034814
-0.047035
-0.059166
-0.070981
-0.081963
-0.091820
-0.100520
-0.108384
-0.115406
-0.121497
-0.126784
-0.130974
-0.134097
-0.135921
-0.136414
-0.135413
-0.132926
-0.129381
-0.124960
-0.120526
-0.116008
-0.112127
-0.108756
-0.105646
-0.102762
-0.099226
-0.094885
-0.089920
-0.084457
-0.078716
-0.073347
-0.068959
-0.065627
-0.063320
-0.062434
-0.062695
-0.063941
-0.066252
-0.069001
-0.072609
-0.076615
-0.080848
-0.085277
-0.090005
-0.094354
-0.098471
-0.102002
-0.104774
-0.106920
-0.108285
-0.108691
-0.108339
-0.107288
-0.105557
-0.103293
-0.100978
-0.098592
-0.096051
-0.093870
-0.091628
-0.089296
-0.086789
-0.084336
-0.081893
-0.079825
-0.078076
-0.076903
-0.076128
-0.075959
-0.076069
-0.076353
-0.076328
-0.076652
-0.076495
-0.076600
-0.076548
-0.076669
-0.077466
-0.078673
-0.080603
-0.082744
-0.085528
-0.088346
-0.091035
-0.093489
-0.095148
-0.095684
-0.095790
-0.095457
-0.094553
-0.093687
-0.092781
-0.091840
-0.090514
-0.089149
-0.087817
-0.086309
-0.084530
-0.082721
-0.081338
-0.080290
-0.079685
-0.079693
-0.080463
-0.081860
-0.083956
-0.086039
-0.088674
-0.090683
-0.092381
-0.093671
-0.094350
-0.095038
-0.094654
-0.094514
-0.094281
-0.093889
-0.093150
-0.092584
-0.091728
-0.090526
-0.089048
-0.087051
-0.084820
-0.082408
-0.080049
-0.077644
-0.075764
-0.074383
-0.073540
-0.073131
-0.073529
-0.074055
-0.075467
-0.077274
-0.079146
-0.080992
-0.083098
-0.085302
-0.087730
-0.090332
-0.093195
-0.096309
-0.099538
-0.103037
-0.106416
-0.109796
-0.112537
-0.114660
-0.116247
-0.117168
-0.117088
-0.116406
-0.115094
-0.113505
-0.111149
-0.108272
-0.105079
-0.101530
-0.097857
-0.094036
-0.089925
-0.085873
-0.081881
-0.077884
-0.074309
-0.070701
-0.067430
-0.064770
-0.062697
-0.060906
-0.059990
-0.059637
-0.059661
-0.060409
-0.061385
-0.062884
-0.064366
-0.066096
-0.068103
-0.070388
-0.072454
-0.075088
-0.077811
-0.080668
-0.083702
-0.086624
-0.089599
-0.092343
-0.094203
-0.095665
-0.096484
-0.096642
-0.096220
-0.095380
-0.094533
-0.093795
-0.093027
-0.092936
-0.092903
-0.093568
-0.094341
-0.095609
-0.096800
-0.098132
-0.099149
-0.099880
-0.100670
-0.100805
-0.101033
-0.101020
-0.100558
-0.100475
-0.099987
-0.099210
-0.098419
-0.097226
-0.095731
-0.093759
-0.092137
-0.090123
-0.087981
-0.086035
-0.084402
-0.082810
-0.081489
-0.080180
-0.078896
-0.077332
-0.075969
-0.074062
-0.072141
-0.070092
-0.067958
-0.065750
-0.063721
-0.062405
-0.061424
-0.061035
-0.061379
-0.062979
-0.065193
-0.067972
-0.071810
-0.075923
-0.080541
-0.085481
-0.090122
-0.094799
-0.098895
-0.102964
-0.106508
-0.109629
-0.111898
-0.113522
-0.114347
-0.113834
-0.112634
-0.110227
-0.107062
-0.103281
-0.098910
-0.094568
-0.090103
-0.086076
-0.082334
-0.079311
-0.076431
-0.074191
-0.072528
-0.071259
-0.070163
-0.069792
-0.069768
-0.070302
-0.071095
-0.072441
-0.074056
-0.076383
-0.079145
-0.082237
-0.085871
-0.089451
-0.093631
-0.097575
-0.101507
-0.105347
-0.108694
-0.111651
-0.114143
-0.116040
-0.117350
-0.118248
-0.118245
-0.117583
-0.116165
-0.113898
-0.110551
-0.106609
-0.101512
-0.096012
-0.089673
-0.083582
-0.077238
-0.071526
-0.066632
-0.062439
-0.059217
-0.057287
-0.056328
-0.055844
-0.056216
-0.056884
-0.058186
-0.059572
-0.061384
-0.063964
-0.066993
-0.070941
-0.075435
-0.079988
-0.084806
-0.089381
-0.093823
-0.097271
-0.100199
-0.102200
-0.103689
-0.104845
-0.105886
-0.106984
-0.108106
-0.109234
-0.110597
-0.111536
-0.112165
-0.111983
-0.110947
-0.109165
-0.106788
-0.103836
-0.100345
-0.096937
-0.093237
-0.089543
-0.085968
-0.082187
-0.078635
-0.075179
-0.072104
-0.069023
-0.066251
-0.063903
-0.062409
-0.061314
-0.060782
-0.061272
-0.061981
-0.063571
-0.064962
-0.067408
-0.069923
-0.072568
-0.075316
-0.078338
-0.080842
-0.083289
-0.085273
-0.086563
-0.087762
-0.088367
-0.088642
-0.089074
-0.089907
-0.091024
-0.092543
-0.094987
-0.098113
-0.101165
-0.104543
-0.107466
-0.109797
-0.111567
-0.112940
-0.113619
-0.113583
-0.113180
-0.112280
-0.111135
-0.109781
-0.107973
-0.105813
-0.102799
-0.099411
-0.095771
-0.091729
-0.087427
-0.083526
-0.080116
-0.077598
-0.075378
-0.074098
-0.073115
-0.072460
-0.071510
-0.070680
-0.069767
-0.068597
-0.067202
-0.065860
-0.064712
-0.064539
-0.064570
-0.065457
-0.067104
-0.069402
-0.071962
-0.074956
-0.077420
-0.080637
-0.082967
-0.085392
-0.088262
-0.090591
-0.093271
-0.095906
-0.098467
-0.100546
-0.101742
-0.102289
-0.101600
-0.100016
-0.096857
-0.093288
-0.088863
-0.085238
-0.081630
-0.078450
-0.075910
-0.074202
-0.073441
-0.072887
-0.072585
-0.072130
-0.072164
-0.072246
-0.072946
-0.074042
-0.075997
-0.078834
-0.082372
-0.086390
-0.090571
-0.094409
-0.097857
-0.100449
-0.102157
-0.103104
-0.103638
-0.103669
-0.104064
-0.104175
-0.104181
-0.105301
-0.105677
-0.105660
-0.105266
-0.104608
-0.103353
-0.101619
-0.099445
-0.097061
-0.094757
-0.092477
-0.090252
-0.088079
-0.085684
-0.082907
-0.080445
-0.077396
-0.074412
-0.071268
-0.068615
-0.066565
-0.065093
-0.064698
-0.065053
-0.066445
-0.068012
-0.070237
-0.073020
-0.075955
-0.079081
-0.082383
-0.085606
-0.088974
-0.092025
-0.094535
-0.096248
-0.097426
-0.097729
-0.096900
-0.095229
-0.093155
-0.090577
-0.087669
-0.085764
-0.083690
-0.082568
-0.082147
-0.082230
-0.082866
-0.083945
-0.085248
-0.086306
-0.087705
-0.088831
-0.090038
-0.091195
-0.092526
-0.094285
-0.095942
-0.097827
-0.099606
-0.101439
-0.103011
-0.104112
-0.105371
-0.105846
-0.106701
-0.106924
-0.107049
-0.107166
-0.106855
-0.106863
-0.106221
-0.105271
-0.103822
-0.101247
-0.097955
-0.093901
-0.089152
-0.083647
-0.077607
-0.071602
-0.065681
-0.060406
-0.055618
-0.052009
-0.049512
-0.048650
-0.049249
-0.051569
-0.055101
-0.059546
-0.065067
-0.071271
-0.077442
-0.083824
-0.089864
-0.095283
-0.099981
-0.104197
-0.108399
-0.111944
-0.114783
-0.116970
-0.118563
-0.119287
-0.118822
-0.117797
-0.116014
-0.113785
-0.111367
-0.108603
-0.106005
-0.103509
-0.100757
-0.097951
-0.094987
-0.091426
-0.087186
-0.081945
-0.076606
-0.070404
-0.064519
-0.059105
-0.054175
-0.050084
-0.047320
-0.045997
-0.046085
-0.047712
-0.050562
-0.054395
-0.058452
-0.063369
-0.068526
-0.073806
-0.079165
-0.084538
-0.089621
-0.094556
-0.099256
-0.103050
-0.106435
-0.108769
-0.110418
-0.111156
-0.111095
-0.110195
-0.108348
-0.106169
-0.103616
-0.100934
-0.098534
-0.096423
-0.094307
-0.092389
-0.090764
-0.089014
-0.087400
-0.085695
-0.083912
-0.081882
-0.080138
-0.078284
-0.076707
-0.075797
-0.075206
-0.075495
-0.076291
-0.077721
-0.079760
-0.082126
-0.084777
-0.087857
-0.090767
-0.094039
-0.097069
-0.099879
-0.102646
-0.105279
-0.107723
-0.110045
-0.111389
-0.112545
-0.112552
-0.111928
-0.109795
-0.107404
-0.104084
-0.100331
-0.096506
-0.092211
-0.088213
-0.084374
-0.080744
-0.077724
-0.075115
-0.073235
-0.071402
-0.070748
-0.070102
-0.070121
-0.070338
-0.070429
-0.070959
-0.071197
-0.071265
-0.071401
-0.071305
-0.070868
-0.070210
-0.069262
-0.068464
-0.068031
-0.067116
-0.067026
-0.066972
-0.067247
-0.067727
-0.068748
-0.069837
-0.071543
-0.073415
-0.075424
-0.077807
-0.080207
-0.082526
-0.084421
-0.086306
-0.087602
-0.089298
-0.090479
-0.092264
-0.094111
-0.095672
-0.098824
-0.101706
-0.105183
-0.108235
-0.111408
-0.114097
-0.116403
-0.117926
-0.119183
-0.119807
-0.119779
-0.119308
-0.118170
-0.116260
-0.113657
-0.110303
-0.106148
-0.101296
-0.095753
-0.089897
-0.083967
-0.078157
-0.072745
-0.068147
-0.064448
-0.061841
-0.060953
-0.060413
-0.061495
-0.063409
-0.065897
-0.068469
-0.071292
-0.074332
-0.077212
-0.079738
-0.082512
-0.085158
-0.087786
-0.090207
-0.092827
-0.095299
-0.097956
-0.100499
-0.102618
-0.104612
-0.105866
-0.106839
-0.107177
-0.107457
-0.107130
-0.106281
-0.105303
-0.104080
-0.102179
-0.099795
-0.097212
-0.094064
-0.090327
-0.086880
-0.083201
-0.079772
-0.076192
-0.073159
-0.070412
-0.068611
-0.067320
-0.067052
-0.067377
-0.068664
-0.070532
-0.073111
-0.076205
-0.079395
-0.082447
-0.085207
-0.087361
-0.089183
-0.090294
-0.090514
-0.090037
-0.089171
-0.088186
-0.087264
-0.086694
-0.086003
-0.085556
-0.085068
-0.084607
-0.084054
-0.082530
-0.081355
-0.079860
-0.078336
-0.076581
-0.075561
-0.074915
-0.074951
-0.075363
-0.075975
-0.076691
-0.077777
-0.078603
-0.079150
-0.080130
-0.080941
-0.082183
-0.084058
-0.086148
-0.089008
-0.091941
-0.095032
-0.098287
-0.100768
-0.102592
-0.104063
-0.104660
-0.104452
-0.103833
-0.102929
-0.101543
-0.100356
-0.099239
-0.098130
-0.096501
-0.095224
-0.093484
-0.091698
-0.089301
-0.086960
-0.084775
-0.082897
-0.081352
-0.080185
-0.079755
-0.080132
-0.080513
-0.081278
-0.081844
-0.082864
-0.083453
-0.084263
-0.084657
-0.085294
-0.086049
-0.086735
-0.087389
-0.087854
-0.088410
-0.088727
-0.088867
-0.088838
-0.088544
-0.088239
-0.087844
-0.087177
-0.087043
-0.086291
-0.085011
-0.083828
-0.082093
-0.080073
-0.077958
-0.075556
-0.073298
-0.070982
-0.069108
-0.067183
-0.065690
-0.064656
-0.063648
-0.062717
-0.062227
-0.061774
-0.062497
-0.063625
-0.065810
-0.069011
-0.073414
-0.078764
-0.084828
-0.091488
-0.098199
-0.104528
-0.110437
-0.115598
-0.119669
-0.122795
-0.125211
-0.126708
-0.127682
-0.127751
-0.127094
-0.125698
-0.123019
-0.119698
-0.114513
-0.108849
-0.102336
-0.095767
-0.088529
-0.081881
-0.076273
-0.071461
-0.067688
-0.065019
-0.062772
-0.061089
-0.059613
-0.058004
-0.057064
-0.056281
-0.056058
-0.056203
-0.057240
-0.059004
-0.061731
-0.064983
-0.068727
-0.072658
-0.076275
-0.079668
-0.082678
-0.085601
-0.088086
-0.090016
-0.091864
-0.093632
-0.095614
-0.096910
-0.098392
-0.099510
-0.100440
-0.100969
-0.101073
-0.101034
-0.100807
-0.100543
-0.100584
-0.100701
-0.100906
-0.101113
-0.101525
-0.101259
-0.100681
-0.099750
-0.098147
-0.096570
-0.094767
-0.092927
-0.091672
-0.090087
-0.088954
-0.087733
-0.086525
-0.084728
-0.083259
-0.081328
-0.079745
-0.078223
-0.076586
-0.075943
-0.075512
-0.075816
-0.076992
-0.078659
-0.080533
-0.082286
-0.084048
-0.085316
-0.086458
-0.087179
-0.088061
-0.088805
-0.090236
-0.092005
-0.094171
-0.096921
-0.099466
-0.102090
-0.104256
-0.106147
-0.106795
-0.106749
-0.105694
-0.103460
-0.100823
-0.097429
-0.093975
-0.090316
-0.086787
-0.083004
-0.079568
-0.075991
-0.072633
-0.069727
-0.067114
-0.065061
-0.063357
-0.062607
-0.062141
-0.062453
-0.063503
-0.065055
-0.067342
-0.070468
-0.074079
-0.078204
-0.082776
-0.086962
-0.090889
-0.094247
-0.096914
-0.098570
-0.099651
-0.100231
-0.100909
-0.101639
-0.102718
-0.104570
-0.106427
-0.108208
-0.109923
-0.111106
-0.110957
-0.109830
-0.107313
-0.103492
-0.098403
-0.093298
-0.087911
-0.083091
-0.078920
-0.075533
-0.072521
-0.070015
-0.067491
-0.064918
-0.061834
-0.058727
-0.055681
-0.053454
-0.051765
-0.051641
-0.052222
-0.054688
-0.058390
-0.062728
-0.068094
-0.074001
-0.079358
-0.084914
-0.089441
-0.093399
-0.096603
-0.099252
-0.101728
-0.103968
-0.106031
-0.108301
-0.110869
-0.113048
-0.115438
-0.116941
-0.117950
-0.117869
-0.117463
-0.115726
-0.113362
-0.110314
-0.106908
-0.103208
-0.099542
-0.095768
-0.092273
-0.089282
-0.086654
-0.084674
-0.082937
-0.081167
-0.079884
-0.078421
-0.076722
-0.075463
-0.074252
-0.073432
-0.073290
-0.073160
-0.073932
-0.075701
-0.077619
-0.080228
-0.082630
-0.084590
-0.086333
-0.086933
-0.086598
-0.085380
-0.083328
-0.080503
-0.077434
-0.074996
-0.072620
-0.070660
-0.069613
-0.069524
-0.069896
-0.071078
-0.071890
-0.072817
-0.073941
-0.074660
-0.075707
-0.076732
-0.078583
-0.080191
-0.082895
-0.086309
-0.089639
-0.092894
-0.096161
-0.099039
-0.101097
-0.102315
-0.103272
-0.103364
-0.102996
-0.102685
-0.102480
-0.102140
-0.101881
-0.101750
-0.101877
-0.101500
-0.101345
-0.100785
-0.100054
-0.098689
-0.097112
-0.094886
-0.092512
-0.089725
-0.086954
-0.083927
-0.081158
-0.078280
-0.075899
-0.073792
-0.072500
-0.071841
-0.072065
-0.072911
-0.074361
-0.076066
-0.078018
-0.080459
-0.082661
-0.084955
-0.087419
-0.089716
-0.092130
-0.094299
-0.096315
-0.097835
-0.098584
-0.099076
-0.098657
-0.097745
-0.096409
-0.094923
-0.092483
-0.090179
-0.087719
-0.084977
-0.082105
-0.079878
-0.077500
-0.075361
-0.073863
-0.072661
-0.071973
-0.071751
-0.071951
-0.072442
-0.073374
-0.074870
-0.076348
-0.077913
-0.079682
-0.081514
-0.083278
-0.085472
-0.087556
-0.090195
-0.092761
-0.095693
-0.098727
-0.101463
-0.103929
-0.105846
-0.107251
-0.107623
-0.107301
-0.106318
-0.104509
-0.102439
-0.100046
-0.097620
-0.095473
-0.093503
-0.091853
-0.090115
-0.088260
-0.085931
-0.083436
-0.080753
-0.077682
-0.074822
-0.072474
-0.070977
-0.070318
-0.070557
-0.071983
-0.073913
-0.076286
-0.078353
-0.080047
-0.080936
-0.080983
-0.080462
-0.079429
-0.078043
-0.077085
-0.076588
-0.076732
-0.077540
-0.079161
-0.081351
-0.083832
-0.086030
-0.088034
-0.089250
-0.089554
-0.089437
-0.088936
-0.088315
-0.088283
-0.088466
-0.089198
-0.091000
-0.092992
-0.095425
-0.097892
-0.100209
-0.101941
-0.103071
-0.103665
-0.103137
-0.102498
-0.101255
-0.099516
-0.098163
-0.096653
-0.095073
-0.093804
-0.092542
-0.091450
-0.090057
-0.088329
-0.085809
-0.082837
-0.078646
-0.074232
-0.069538
-0.064748
-0.060145
-0.056221
-0.053552
-0.051671
-0.050910
-0.051305
-0.052480
-0.054354
-0.056245
-0.058502
-0.060514
-0.062206
-0.063781
-0.065417
-0.067415
-0.070047
-0.073491
-0.077722
-0.083484
-0.090333
-0.097759
-0.105175
-0.111859
-0.117511
-0.121616
-0.124439
-0.125686
-0.125407
-0.124529
-0.123186
-0.121287
-0.119521
-0.117991
-0.116462
-0.114768
-0.112291
-0.109294
-0.104716
-0.099338
-0.092942
-0.085996
-0.079072
-0.072576
-0.067652
-0.064100
-0.062372
-0.062518
-0.063729
-0.066114
-0.068717
-0.071395
-0.073740
-0.075473
-0.076800
-0.078048
-0.079130
-0.080521
-0.082793
-0.085799
-0.089220
-0.093393
-0.098019
-0.101912
-0.105632
-0.108098
-0.109146
-0.108953
-0.107647
-0.104978
-0.101589
-0.097855
-0.093567
-0.089774
-0.086201
-0.082778
-0.079106
-0.076149
-0.072843
-0.069750
-0.066635
-0.063036
-0.059639
-0.056426
-0.053462
-0.051249
-0.049654
-0.049499
-0.050859
-0.053271
-0.057168
-0.061472
-0.066746
-0.072513
-0.077871
-0.083173
-0.087848
-0.091945
-0.095117
-0.098149
-0.100740
-0.103244
-0.105600
-0.108279
-0.110918
-0.113539
-0.115776
-0.117101
-0.117662
-0.117148
-0.115404
-0.112441
-0.108412
-0.104246
-0.100160
-0.096186
-0.093208
-0.091137
-0.089591
-0.088903
-0.088527
-0.087972
-0.087179
-0.085515
-0.083811
-0.081397
-0.078690
-0.076071
-0.074223
-0.072512
-0.072102
-0.072705
-0.073708
-0.075300
-0.077088
-0.078759
-0.080463
-0.081956
-0.082860
-0.083920
-0.084566
-0.085638
-0.086812
-0.088056
-0.089358
-0.090924
-0.092139
-0.093522
-0.094680
-0.095208
-0.095887
-0.096119
-0.096318
-0.096001
-0.095986
-0.095544
-0.094929
-0.093948
-0.093588
-0.093063
-0.092810
-0.092356
-0.092033
-0.091512
-0.091367
-0.090992
-0.090721
-0.090388
-0.089661
-0.089182
-0.087965
-0.086860
-0.085657
-0.084274
-0.082843
-0.081256
-0.080376
-0.079210
-0.078546
-0.078102
-0.077638
-0.077144
-0.076350
-0.075433
-0.073918
-0.072304
-0.070272
-0.068092
-0.066260
-0.064547
-0.063310
-0.062857
-0.062889
-0.063652
-0.064955
-0.067384
-0.069806
-0.072764
-0.076469
-0.080102
-0.083672
-0.087321
-0.090945
-0.094081
-0.096891
-0.099186
-0.100956
-0.102042
-0.102830
-0.102715
-0.102519
-0.101675
-0.100593
-0.099054
-0.097841
-0.096102
-0.094634
-0.092820
-0.091435
-0.090459
-0.090142
-0.089968
-0.090296
-0.091166
-0.092383
-0.093652
-0.094786
-0.095288
-0.095222
-0.094282
-0.092735
-0.090870
-0.088993
-0.087093
-0.085180
-0.083912
-0.083065
-0.082810
-0.083260
-0.083832
-0.084678
-0.085302
-0.085653
-0.085652
-0.085396
-0.084837
-0.083716
-0.082453
-0.081014
-0.080082
-0.079323
-0.079279
-0.079197
-0.079726
-0.080647
-0.081633
-0.082713
-0.083797
-0.084344
-0.084894
-0.085203
-0.085115
-0.085123
-0.085521
-0.086301
-0.087412
-0.089066
-0.090468
-0.091768
-0.092190
-0.091852
-0.090796
-0.088484
-0.085636
-0.081868
-0.078701
-0.075622
-0.073598
-0.072626
-0.073169
-0.074338
-0.076282
-0.078621
-0.080921
-0.082971
-0.084652
-0.085795
-0.086832
-0.087840
-0.089042
-0.090266
-0.091827
-0.094579
-0.097255
-0.100272
-0.102986
-0.105490
-0.107066
-0.108047
-0.107947
-0.106968
-0.105393
-0.103307
-0.101013
-0.099005
-0.097165
-0.095664
-0.094594
-0.093529
-0.092413
-0.090926
-0.088389
-0.085030
-0.081227
-0.076165
-0.070512
-0.065524
-0.060730
-0.057053
-0.054632
-0.054261
-0.054990
-0.056793
-0.059485
-0.062608
-0.065463
-0.067997
-0.070290
-0.072478
-0.074275
-0.076275
-0.078409
-0.081648
-0.085516
-0.089667
-0.094106
-0.098728
-0.102305
-0.105778
-0.108099
-0.109735
-0.110701
-0.111043
-0.111264
-0.111391
-0.111233
-0.110957
-0.110447
-0.109719
-0.108700
-0.107359
-0.105408
-0.102948
-0.100248
-0.097104
-0.093603
-0.089981
-0.085988
-0.082133
-0.078241
-0.074736
-0.071887
-0.069117
-0.067208
-0.065780
-0.064619
-0.064080
-0.064125
-0.064464
-0.065379
-0.066657
-0.068754
-0.070709
-0.073307
-0.075964
-0.079074
-0.082447
-0.085813
-0.088846
-0.091572
-0.093664
-0.095698
-0.096633
-0.097147
-0.097133
-0.096880
-0.096455
-0.096058
-0.095914
-0.095565
-0.095099
-0.094432
-0.093391
-0.092083
-0.090577
-0.089083
-0.087556
-0.086457
-0.085584
-0.084877
-0.084253
-0.083692
-0.082902
-0.081870
-0.080783
-0.079385
-0.078021
-0.076872
-0.076109
-0.075721
-0.076160
-0.077161
-0.078270
-0.079544
-0.081025
-0.082225
-0.083545
-0.084412
-0.084882
-0.085331
-0.085281
-0.085046
-0.084720
-0.084218
-0.083801
-0.083054
-0.082797
-0.082123
-0.081262
-0.080444
-0.079824
-0.079277
-0.079463
-0.079671
-0.080758
-0.082168
-0.083768
-0.085458
-0.087239
-0.088782
-0.089680
-0.090723
-0.090840
-0.090655
-0.090045
-0.089162
-0.088052
-0.086505
-0.084907
-0.083221
-0.081506
-0.079233
-0.077451
-0.076319
-0.075070
-0.074266
-0.074589
-0.074915
-0.076116
-0.077866
-0.080410
-0.082937
-0.085850
-0.088502
-0.090803
-0.092743
-0.093949
-0.095002
-0.095701
-0.096555
-0.097824
-0.099729
-0.102265
-0.105019
-0.107494
-0.110014
-0.111482
-0.112049
-0.111322
-0.109671
-0.107467
-0.105053
-0.102614
-0.100331
-0.098721
-0.096998
-0.095725
-0.093664
-0.090823
-0.087045
-0.082071
-0.076760
-0.071341
-0.066245
-0.062129
-0.059452
-0.058405
-0.058915
-0.060852
-0.063135
-0.065867
-0.068231
-0.069749
-0.070984
-0.071574
-0.071271
-0.070961
-0.070946
-0.071502
-0.073076
-0.075142
-0.077976
-0.081425
-0.085250
-0.088602
-0.091570
-0.093447
-0.094694
-0.095211
-0.094976
-0.094632
-0.094429
-0.094728
-0.094503
-0.095059
-0.095309
-0.095381
-0.094850
-0.093971
-0.092962
-0.091223
-0.089713
-0.088293
-0.086639
-0.085941
-0.085874
-0.086053
-0.087159
-0.088634
-0.090209
-0.092049
-0.093488
-0.095003
-0.095987
-0.097109
-0.097655
-0.098007
-0.097942
-0.097438
-0.096310
-0.094763
-0.092801
-0.090318
-0.087959
-0.085392
-0.083159
-0.081250
-0.080228
-0.079202
-0.078446
-0.078346
-0.077812
-0.077245
-0.076884
-0.075983
-0.075024
-0.074579
-0.074622
-0.075241
-0.076303
-0.077999
-0.080317
-0.082644
-0.085056
-0.087374
-0.089271
-0.091025
-0.092434
-0.093805
-0.095073
-0.096139
-0.097179
-0.098356
-0.099059
-0.099793
-0.100480
-0.100840
-0.100628
-0.100351
-0.099554
-0.097940
-0.095903
-0.093611
-0.090783
-0.088346
-0.085262
-0.082436
-0.079392
-0.076965
-0.074630
-0.072244
-0.070282
-0.068612
-0.067073
-0.065440
-0.064369
-0.062893
-0.062397
-0.062098
-0.062827
-0.064750
-0.067277
-0.070936
-0.075813
-0.081245
-0.086789
-0.092864
-0.098303
-0.102997
-0.106607
-0.108951
-0.109971
-0.109874
-0.108745
-0.106853
-0.104472
-0.101992
-0.099177
-0.096159
-0.093324
-0.090416
-0.086836
-0.083603
-0.079825
-0.076250
-0.072651
-0.069469
-0.066542
-0.064272
-0.062718
-0.061876
-0.061750
-0.062573
-0.064003
-0.065666
-0.067873
-0.070260
-0.072946
-0.075963
-0.079279
-0.083089
-0.086949
-0.090795
-0.094939
-0.099197
-0.103554
-0.107864
-0.111513
-0.114595
-0.117423
-0.118935
-0.119537
-0.119031
-0.117249
-0.114673
-0.111181
-0.107204
-0.102356
-0.097934
-0.093834
-0.089884
-0.086606
-0.083554
-0.081217
-0.078574
-0.076151
-0.073466
-0.070607
-0.067629
-0.064776
-0.061913
-0.059585
-0.058094
-0.057413
-0.057226
-0.057802
-0.058787
-0.060385
-0.061857
-0.063918
-0.065902
-0.068004
-0.070475
-0.073341
-0.076604
-0.080372
-0.084214
-0.087912
-0.092065
-0.095412
-0.098342
-0.100603
-0.102203
-0.102719
-0.102806
-0.102319
-0.101521
-0.100464
-0.099647
-0.098923
-0.098353
-0.098334
-0.098568
-0.099330
-0.100422
-0.101567
-0.102952
-0.104134
-0.105191
-0.105689
-0.105709
-0.104672
-0.102825
-0.100449
-0.097345
-0.093469
-0.089457
-0.085216
-0.081041
-0.077281
-0.073919
-0.070766
-0.068822
-0.067605
-0.067066
-0.067053
-0.067764
-0.069192
-0.071259
-0.073586
-0.076178
-0.079566
-0.082700
-0.085663
-0.088543
-0.091049
-0.092876
-0.094171
-0.094591
-0.094110
-0.093421
-0.092005
-0.090607
-0.089221
-0.088239
-0.087404
-0.086637
-0.086199
-0.086009
-0.085497
-0.084953
-0.084433
-0.083582
-0.083196
-0.082253
-0.082084
-0.081739
-0.081786
-0.082147
-0.082275
-0.082427
-0.082720
-0.082161
-0.081186
-0.080325
-0.079256
-0.078246
-0.077374
-0.077310
-0.077287
-0.077951
-0.078452
-0.079017
-0.079088
-0.079248
-0.079546
-0.080093
-0.081432
-0.083180
-0.085541
-0.089068
-0.092886
-0.096775
-0.100305
-0.103529
-0.105330
-0.106514
-0.106551
-0.105677
-0.104069
-0.102181
-0.099797
-0.097463
-0.095319
-0.093154
-0.091065
-0.088519
-0.085842
-0.082245
-0.078661
-0.075052
-0.071387
-0.068491
-0.066501
-0.065713
-0.066196
-0.067376
-0.069194
-0.071190
-0.073213
-0.074788
-0.075944
-0.077090
-0.078367
-0.079605
-0.081223
-0.083452
-0.085405
-0.087922
-0.090312
-0.092356
-0.094866
-0.097081
-0.099250
-0.101175
-0.102627
-0.104021
-0.104753
-0.104866
-0.104409
-0.102911
-0.101709
-0.099863
-0.097212
-0.094732
-0.091774
-0.088838
-0.086402
-0.083999
-0.081781
-0.079817
-0.078042
-0.076222
-0.074459
-0.073063
-0.072143
-0.071506
-0.071613
-0.072699
-0.075098
-0.077878
-0.080621
-0.083083
-0.085464
-0.086365
-0.086362
-0.085069
-0.083542
-0.080795
-0.077832
-0.074920
-0.072401
-0.070221
-0.068635
-0.067906
-0.067555
-0.068151
-0.068558
-0.068569
-0.068599
-0.068232
-0.067638
-0.067315
-0.067646
-0.068991
-0.071551
-0.075496
-0.080308
-0.086291
-0.092293
-0.097971
-0.103322
-0.107356
-0.110327
-0.112113
-0.113008
-0.113240
-0.113400
-0.113566
-0.113563
-0.113421
-0.112940
-0.111689
-0.109740
-0.106670
-0.102622
-0.097772
-0.092280
-0.087301
-0.082748
-0.079292
-0.077480
-0.076532
-0.076482
-0.076953
-0.077942
-0.078578
-0.078935
-0.078802
-0.078257
-0.078004
-0.077724
-0.077527
-0.077775
-0.078005
-0.078309
-0.078656
-0.079002
-0.079166
-0.079147
-0.079414
-0.079977
-0.080783
-0.082431
-0.084794
-0.087146
-0.089731
-0.091758
-0.093300
-0.093993
-0.094108
-0.093888
-0.093564
-0.093107
-0.092802
-0.093009
-0.093102
-0.093283
-0.093310
-0.092933
-0.092103
-0.090627
-0.089063
-0.087488
-0.086630
-0.085944
-0.085660
-0.085901
-0.085832
-0.085855
-0.085599
-0.084746
-0.083562
-0.082106
-0.080467
-0.079577
-0.078692
-0.078745
-0.079485
-0.080662
-0.082881
-0.085032
-0.086956
-0.088702
-0.090394
-0.091078
-0.091752
-0.092221
-0.092738
-0.092993
-0.093137
-0.092969
-0.092525
-0.092028
-0.091011
-0.089919
-0.089398
-0.089115
-0.088579
-0.087925
-0.087439
-0.087078
-0.086441
-0.085836
-0.084951
-0.084358
-0.083683
-0.082525
-0.081831
-0.080710
-0.079194
-0.077184
-0.074661
-0.071664
-0.068448
-0.065589
-0.063466
-0.062496
-0.063284
-0.065306
-0.068641
-0.072874
-0.077265
-0.081401
-0.085394
-0.089087
-0.091947
-0.094188
-0.095702
-0.096666
-0.097599
-0.098213
-0.098628
-0.098809
-0.098793
-0.099052
-0.098779
-0.098876
-0.099103
-0.098909
-0.099308
-0.100144
-0.101353
-0.103112
-0.105380
-0.107904
-0.110261
-0.112036
-0.112829
-0.112270
-0.110354
-0.106600
-0.101210
-0.094470
-0.087147
-0.079140
-0.071586
-0.064666
-0.058831
-0.054107
-0.050963
-0.049027
-0.048500
-0.048887
-0.049964
-0.051925
-0.054195
-0.056559
-0.059585
-0.063100
-0.067458
-0.072199
-0.077742
-0.083431
-0.089614
-0.095543
-0.100869
-0.105649
-0.109332
-0.111786
-0.113268
-0.113776
-0.114071
-0.113771
-0.113780
-0.113464
-0.112957
-0.112095
-0.110174
-0.107422
-0.103453
-0.098624
-0.092698
-0.086708
-0.080564
-0.075008
-0.070219
-0.066120
-0.063171
-0.061456
-0.060907
-0.060904
-0.061783
-0.063185
-0.064920
-0.066719
-0.068798
-0.070879
-0.073024
-0.075624
-0.078228
-0.080791
-0.083278
-0.085340
-0.087224
-0.088730
-0.089929
-0.090586
-0.091295
-0.092113
-0.092831
-0.093598
-0.094225
-0.094468
-0.094412
-0.093929
-0.092946
-0.091683
-0.090100
-0.088622
-0.086396
-0.084210
-0.081658
-0.079350
-0.076750
-0.074524
-0.072747
-0.071617
-0.070950
-0.070798
-0.071626
-0.072919
-0.074901
-0.077689
-0.080858
-0.084422
-0.088633
-0.092865
-0.097209
-0.101066
-0.104695
-0.107830
-0.110208
-0.111603
-0.112192
-0.112206
-0.111477
-0.110509
-0.108944
-0.106907
-0.104580
-0.101940
-0.099009
-0.095974
-0.092975
-0.090123
-0.087869
-0.085508
-0.083616
-0.082434
-0.082150
-0.082052
-0.082680
-0.083464
-0.084505
-0.085751
-0.086443
-0.086722
-0.086600
-0.086057
-0.085250
-0.084183
-0.083204
-0.082204
-0.081406
-0.080863
-0.080141
-0.079166
-0.077852
-0.076725
-0.075463
-0.074750
-0.074358
-0.074306
-0.074953
-0.076035
-0.077614
-0.079742
-0.081302
-0.083299
-0.084465
-0.084707
-0.084112
-0.082997
-0.081385
-0.079538
-0.077653
-0.075463
-0.073853
-0.072499
-0.071432
-0.070860
-0.070753
-0.071183
-0.072445
-0.073959
-0.076536
-0.079509
-0.083042
-0.087131
-0.091591
-0.096162
-0.100889
-0.105323
-0.109317
-0.112593
-0.114903
-0.115761
-0.115572
-0.114013
-0.111133
-0.107614
-0.103314
-0.098990
-0.094751
-0.090774
-0.087441
-0.084794
-0.082737
-0.081122
-0.080089
-0.078792
-0.077741
-0.076512
-0.074659
-0.073033
-0.071166
-0.070033
-0.068679
-0.067901
-0.067668
-0.067277
-0.067447
-0.067854
-0.068113
-0.069101
-0.070252
-0.072153
-0.075074
-0.078242
-0.082390
-0.086968
-0.091948
-0.097050
-0.101474
-0.105069
-0.107249
-0.108161
-0.107546
-0.105998
-0.103954
-0.101094
-0.098805
-0.097059
-0.095956
-0.095342
-0.095108
-0.094966
-0.095049
-0.094463
-0.093519
-0.092104
-0.090569
-0.088795
-0.086935
-0.085188
-0.083574
-0.081839
-0.080371
-0.078813
-0.077068
-0.075323
-0.073290
-0.071135
-0.069159
-0.067672
-0.066773
-0.066902
-0.067965
-0.070263
-0.072744
-0.076000
-0.078955
-0.081980
-0.083942
-0.084676
-0.084153
-0.082550
-0.080325
-0.077063
-0.073720
-0.070862
-0.069045
-0.068906
-0.069680
-0.072159
-0.075698
-0.080396
-0.085226
-0.089685
-0.094245
-0.098477
-0.102125
-0.105327
-0.108344
-0.110290
-0.112046
-0.112416
-0.111379
-0.108410
-0.104112
-0.098444
-0.091459
-0.084500
-0.077478
-0.071534
-0.067093
-0.064887
-0.064289
-0.065371
-0.067975
-0.071521
-0.075417
-0.079583
-0.083596
-0.087147
-0.090529
-0.093251
-0.095599
-0.097231
-0.098836
-0.099917
-0.100715
-0.100633
-0.100566
-0.099755
-0.098783
-0.097712
-0.096845
-0.096806
-0.097128
-0.097544
-0.098032
-0.098342
-0.098066
-0.096981
-0.094993
-0.092254
-0.088839
-0.084769
-0.080757
-0.076897
-0.073463
-0.070499
-0.068405
-0.066446
-0.065035
-0.064160
-0.063807
-0.063574
-0.063848
-0.064690
-0.065809
-0.067430
-0.068933
-0.070605
-0.072784
-0.074736
-0.076456
-0.078095
-0.079567
-0.080787
-0.082164
-0.084194
-0.086472
-0.089121
-0.092397
-0.096512
-0.101066
-0.105748
-0.110813
-0.115337
-0.118857
-0.121567
-0.123006
-0.122948
-0.121202
-0.118238
-0.114234
-0.109469
-0.104263
-0.099060
-0.093895
-0.089408
-0.085018
-0.081004
-0.078127
-0.075712
-0.073660
-0.072295
-0.071823
-0.071646
-0.072732
-0.073600
-0.074677
-0.076203
-0.077345
-0.078081
-0.078241
-0.077891
-0.077096
-0.075976
-0.075131
-0.074547
-0.073960
-0.074147
-0.074624
-0.076018
-0.077661
-0.079652
-0.082197
-0.085344
-0.088441
-0.091423
-0.093747
-0.096071
-0.097041
-0.097521
-0.097064
-0.095862
-0.094026
-0.091853
-0.089561
-0.087371
-0.085260
-0.083193
-0.081208
-0.079844
-0.078409
-0.077645
-0.077334
-0.077667
-0.078435
-0.080068
-0.082193
-0.084642
-0.087702
-0.090460
-0.093099
-0.095197
-0.096653
-0.096968
-0.096235
-0.094935
-0.092730
-0.090207
-0.087873
-0.085655
-0.084609
-0.083304
-0.082759
-0.081670
-0.080575
-0.079165
-0.077640
-0.076040
-0.074351
-0.073149
-0.072462
-0.072200
-0.073241
-0.075141
-0.078048
-0.080983
-0.084091
-0.086640
-0.088386
-0.089238
-0.089377
-0.089050
-0.088084
-0.087372
-0.086848
-0.086672
-0.086852
-0.087761
-0.088703
-0.089643
-0.090434
-0.090639
-0.090552
-0.089652
-0.088609
-0.087454
-0.087060
-0.086893
-0.087807
-0.089923
-0.091990
-0.095020
-0.097292
-0.099093
-0.099422
-0.098669
-0.097027
-0.094207
-0.090916
-0.087859
-0.085003
-0.083142
-0.081755
-0.082231
-0.083306
-0.085350
-0.087186
-0.089059
-0.090201
-0.090558
-0.090080
-0.088686
-0.087407
-0.085685
-0.084654
-0.084069
-0.083893
-0.083740
-0.083423
-0.082540
-0.081411
-0.080097
-0.078460
-0.077595
-0.076469
-0.076015
-0.076398
-0.077567
-0.079569
-0.081931
-0.084204
-0.086272
-0.088142
-0.088626
-0.088037
-0.086692
-0.084184
-0.080562
-0.077529
-0.074300
-0.070494
-0.067699
-0.065664
-0.064730
-0.064955
-0.066645
-0.069521
-0.072967
-0.077193
-0.081691
-0.085866
-0.089027
-0.092195
-0.094584
-0.096439
-0.097616
-0.098504
-0.098933
-0.098822
-0.098268
-0.097845
-0.097147
-0.096483
-0.095817
-0.095477
-0.095815
-0.096960
-0.098744
-0.101638
-0.104973
-0.109021
-0.112921
-0.116281
-0.119137
-0.120182
-0.119356
-0.116512
-0.111671
-0.105206
-0.097435
-0.089093
-0.080631
-0.073443
-0.066728
-0.061075
-0.056839
-0.053837
-0.052583
-0.052578
-0.053528
-0.055641
-0.059348
-0.063489
-0.068388
-0.072668
-0.076701
-0.079716
-0.081427
-0.082403
-0.082241
-0.082079
-0.081690
-0.081351
-0.081709
-0.082470
-0.083898
-0.086208
-0.089132
-0.092667
-0.096362
-0.100893
-0.105454
-0.109791
-0.113898
-0.118016
-0.120793
-0.122656
-0.122192
-0.120301
-0.116579
-0.110919
-0.103553
-0.095625
-0.087303
-0.079251
-0.072149
-0.066853
-0.062765
-0.060299
-0.058978
-0.058665
-0.059248
-0.059623
-0.060605
-0.061357
-0.062386
-0.063833
-0.065928
-0.068389
-0.071779
-0.075589
-0.079621
-0.083356
-0.086309
-0.089073
-0.090949
-0.092063
-0.093195
-0.094104
-0.095508
-0.097339
-0.098844
-0.100948
-0.102551
-0.103132
-0.102617
-0.101014
-0.097981
-0.093923
-0.088922
-0.083562
-0.078399
-0.073673
-0.069964
-0.066892
-0.065284
-0.063970
-0.063397
-0.063602
-0.064408
-0.065257
-0.066495
-0.068225
-0.070574
-0.073507
-0.076674
-0.079484
-0.082553
-0.085492
-0.087687
-0.089536
-0.090909
-0.092320
-0.093692
-0.095209
-0.096835
-0.099247
-0.101898
-0.105204
-0.108015
-0.110975
-0.113156
-0.114659
-0.114837
-0.113740
-0.111092
-0.107555
-0.102564
-0.097228
-0.091277
-0.085737
-0.080642
-0.076131
-0.072274
-0.069133
-0.067167
-0.065582
-0.065048
-0.065462
-0.066608
-0.069110
-0.072050
-0.075519
-0.078814
-0.081609
-0.083568
-0.084092
-0.083689
-0.082130
-0.079668
-0.077431
-0.075435
-0.073976
-0.073667
-0.074634
-0.076105
-0.078142
-0.079969
-0.081940
-0.083168
-0.084625
-0.086108
-0.087526
-0.089533
-0.091828
-0.094691
-0.097276
-0.099301
-0.100989
-0.100763
-0.099764
-0.097140
-0.094138
-0.090768
-0.087826
-0.085837
-0.085354
-0.085939
-0.088392
-0.091442
-0.094851
-0.097499
-0.098857
-0.098919
-0.097419
-0.094473
-0.091011
-0.086982
-0.083703
-0.080915
-0.078908
-0.078022
-0.077440
-0.077086
-0.076883
-0.076267
-0.075343
-0.074707
-0.073865
-0.073932
-0.074220
-0.075038
-0.076659
-0.078335
-0.079412
-0.080249
-0.080209
-0.079324
-0.077635
-0.075725
-0.073473
-0.071854
-0.070360
-0.069911
-0.070853
-0.072683
-0.075674
-0.079514
-0.083629
-0.088421
-0.093343
-0.097575
-0.101628
-0.105105
-0.107682
-0.108890
-0.109251
-0.108277
-0.106675
-0.103900
-0.100358
-0.096884
-0.093395
-0.090877
-0.089159
-0.088657
-0.088558
-0.089787
-0.091097
-0.092226
-0.093498
-0.094468
-0.094673
-0.094917
-0.095048
-0.095244
-0.095050
-0.094960
-0.095024
-0.094597
-0.094032
-0.092568
-0.091026
-0.089123
-0.086691
-0.084395
-0.082262
-0.080915
-0.079703
-0.079466
-0.079813
-0.080423
-0.081234
-0.081526
-0.081143
-0.080115
-0.078235
-0.075873
-0.073309
-0.070953
-0.069269
-0.068101
-0.068539
-0.069754
-0.071487
-0.073986
-0.076814
-0.079076
-0.081418
-0.083340
-0.084481
-0.085445
-0.086521
-0.087822
-0.089069
-0.090465
-0.090926
-0.091161
-0.090438
-0.088746
-0.086880
-0.083966
-0.081136
-0.079090
-0.078216
-0.078196
-0.079599
-0.082697
-0.086030
-0.088848
-0.091239
-0.091764
-0.090883
-0.088506
-0.084858
-0.080882
-0.076900
-0.073786
-0.071899
-0.071274
-0.072045
-0.073713
-0.076288
-0.079084
-0.082196
-0.085410
-0.088475
-0.092086
-0.094879
-0.098423
-0.102030
-0.105589
-0.108731
-0.110933
-0.111633
-0.110746
-0.108009
-0.103430
-0.097330
-0.090664
-0.083937
-0.077732
-0.072028
-0.068169
-0.065651
-0.064005
-0.063473
-0.064213
-0.065445
-0.067027
-0.069399
-0.071617
-0.073886
-0.075866
-0.077419
-0.078883
-0.079961
-0.080991
-0.081981
-0.082837
-0.083713
-0.085178
-0.086501
-0.089034
-0.092167
-0.096045
-0.099912
-0.104305
-0.108244
-0.111296
-0.113744
-0.115223
-0.116074
-0.115962
-0.115726
-0.114898
-0.113660
-0.112147
-0.109824
-0.106494
-0.102221
-0.097158
-0.091225
-0.085066
-0.079207
-0.074414
-0.070213
-0.067540
-0.065666
-0.064621
-0.064113
-0.063387
-0.062087
-0.060209
-0.057810
-0.055033
-0.052630
-0.050393
-0.049312
-0.049498
-0.050733
-0.053341
-0.057241
-0.062319
-0.067991
-0.074486
-0.081166
-0.087890
-0.094412
-0.100010
-0.104824
-0.108360
-0.111153
-0.112065
-0.112074
-0.110841
-0.108710
-0.105864
-0.102057
-0.098677
-0.095174
-0.092266
-0.090008
-0.088023
-0.086765
-0.086562
-0.086557
-0.087232
-0.088221
-0.088897
-0.089830
-0.090410
-0.090442
-0.090498
-0.089576
-0.088549
-0.087040
-0.085189
-0.082717
-0.080543
-0.078475
-0.077114
-0.076377
-0.076729
-0.078258
-0.080901
-0.084127
-0.088258
-0.092488
-0.096457
-0.099956
-0.102767
-0.104484
-0.105205
-0.104834
-0.103895
-0.101856
-0.099449
-0.096645
-0.093307
-0.090273
-0.086854
-0.083342
-0.080180
-0.077247
-0.074665
-0.072326
-0.070437
-0.069600
-0.069174
-0.069547
-0.070610
-0.071960
-0.073596
-0.074870
-0.075648
-0.075720
-0.075247
-0.074482
-0.073882
-0.073630
-0.074205
-0.075814
-0.078438
-0.081165
-0.084898
-0.088049
-0.091047
-0.093494
-0.094789
-0.095361
-0.095358
-0.095349
-0.095541
-0.095896
-0.096239
-0.096793
-0.097746
-0.097681
-0.097701
-0.097138
-0.096391
-0.095232
-0.094497
-0.093717
-0.093450
-0.093636
-0.094099
-0.094325
-0.094611
-0.093589
-0.092039
-0.089097
-0.085058
-0.080233
-0.074543
-0.069161
-0.064113
-0.060351
-0.057623
-0.056353
-0.055978
-0.057114
-0.058766
-0.060971
-0.064129
-0.067631
-0.071633
-0.076041
-0.080538
-0.085144
-0.089266
-0.092482
-0.095115
-0.095870
-0.095526
-0.094335
-0.092333
-0.089698
-0.087247
-0.085122
-0.083814
-0.083305
-0.083334
-0.083976
-0.084482
-0.085209
-0.085796
-0.085779
-0.085843
-0.086200
-0.086745
-0.088110
-0.089808
-0.091294
-0.093079
-0.093806
-0.093890
-0.093049
-0.091307
-0.089063
-0.086784
-0.084587
-0.083831
-0.084049
-0.085590
-0.088626
-0.092026
-0.095160
-0.097444
-0.097701
-0.096033
-0.093193
-0.088906
-0.083724
-0.079479
-0.075674
-0.073339
-0.072262
-0.072177
-0.072651
-0.073061
-0.073367
-0.073085
-0.072539
-0.071779
-0.070634
-0.070176
-0.070793
-0.071919
-0.074283
-0.076808
-0.079973
-0.082366
-0.084373
-0.085621
-0.085227
-0.083643
-0.081481
-0.079037
-0.077159
-0.076798
-0.078099
-0.081511
-0.086628
-0.092759
-0.099392
-0.105555
-0.110863
-0.114013
-0.115169
-0.114616
-0.112096
-0.108513
-0.104129
-0.099593
-0.095090
-0.091351
-0.088474
-0.085966
-0.083964
-0.082499
-0.081363
-0.080322
-0.079574
-0.079652
-0.080168
-0.080990
-0.082858
-0.084736
-0.086638
-0.088290
-0.089263
-0.088999
-0.087712
-0.085418
-0.082024
-0.078087
-0.074023
-0.070110
-0.066526
-0.064111
-0.063102
-0.063807
-0.065721
-0.069695
-0.074754
-0.080167
-0.085973
-0.091509
-0.096148
-0.099708
-0.101911
-0.102812
-0.102314
-0.100660
-0.097862
-0.094219
-0.090321
-0.086241
-0.082227
-0.078705
-0.075618
-0.072764
-0.070705
-0.068806
-0.067452
-0.067031
-0.066886
-0.068059
-0.070419
-0.073208
-0.077062
-0.081066
-0.085610
-0.089056
-0.092443
-0.094984
-0.096706
-0.097391
-0.097472
-0.097802
-0.098513
-0.099578
-0.101656
-0.104301
-0.107265
-0.109936
-0.111381
-0.111421
-0.109900
-0.106640
-0.102247
-0.096791
-0.091379
-0.086627
-0.083098
-0.080493
-0.079014
-0.078302
-0.078265
-0.078183
-0.077383
-0.076131
-0.074389
-0.072689
-0.071513
-0.071664
-0.073430
-0.075520
-0.078783
-0.081241
-0.082545
-0.082541
-0.080966
-0.078203
-0.074717
-0.070920
-0.068276
-0.066639
-0.066492
-0.067849
-0.070317
-0.073752
-0.078042
-0.082155
-0.086099
-0.089471
-0.092409
-0.094647
-0.096229
-0.097676
-0.098416
-0.099653
-0.100401
-0.101149
-0.100881
-0.100348
-0.099214
-0.097142
-0.095288
-0.093484
-0.092412
-0.091935
-0.092478
-0.093181
-0.093999
-0.094426
-0.094510
-0.093600
-0.091539
-0.088463
-0.084378
-0.079791
-0.075238
-0.071096
-0.067667
-0.065280
-0.063873
-0.063582
-0.063686
-0.064520
-0.065046
-0.065972
-0.067015
-0.068663
-0.070189
-0.072735
-0.075952
-0.079537
-0.083374
-0.086370
-0.088643
-0.089571
-0.088978
-0.087225
-0.084913
-0.082021
-0.079745
-0.078508
-0.078332
-0.080076
-0.082787
-0.086589
-0.090748
-0.094017
-0.096583
-0.097446
-0.096530
-0.094484
-0.091520
-0.088457
-0.085610
-0.083672
-0.082720
-0.082384
-0.082670
-0.082762
-0.082731
-0.082492
-0.082071
-0.081820
-0.082417
-0.083854
-0.085997
-0.089381
-0.093083
-0.096647
-0.100202
-0.102273
-0.103087
-0.102405
-0.099954
-0.096075
-0.091812
-0.087306
-0.083153
-0.080635
-0.078645
-0.078195
-0.078975
-0.080325
-0.082360
-0.084743
-0.087720
-0.091238
-0.094382
-0.097354
-0.099384
-0.100243
-0.099541
-0.097206
-0.093211
-0.088143
-0.082131
-0.076189
-0.070311
-0.065291
-0.061233
-0.058535
-0.057039
-0.056365
-0.056337
-0.057808
-0.059610
-0.062597
-0.066779
-0.071865
-0.077961
-0.084326
-0.090592
-0.096428
-0.100916
-0.103892
-0.105620
-0.105664
-0.104381
-0.102038
-0.099834
-0.097441
-0.096242
-0.095525
-0.096169
-0.097149
-0.098395
-0.099442
-0.099446
-0.098731
-0.097278
-0.094696
-0.092086
-0.089051
-0.086178
-0.083307
-0.080885
-0.078418
-0.076438
-0.074274
-0.072345
-0.070527
-0.068875
-0.067900
-0.067576
-0.067894
-0.069791
-0.072441
-0.076616
-0.081057
-0.085542
-0.089559
-0.092253
-0.093306
-0.092861
-0.091022
-0.088349
-0.084744
-0.081643
-0.079566
-0.077751
-0.077093
-0.077443
-0.078303
-0.079369
-0.080346
-0.081519
-0.082289
-0.082862
-0.082940
-0.082401
-0.082354
-0.082194
-0.081736
-0.081098
-0.080244
-0.079573
-0.078493
-0.077576
-0.077146
-0.077343
-0.077946
-0.079939
-0.082666
-0.086701
-0.091483
-0.097147
-0.102990
-0.108438
-0.112991
-0.116480
-0.118508
-0.119014
-0.118283
-0.115761
-0.112358
-0.108331
-0.103344
-0.097676
-0.091679
-0.085715
-0.080151
-0.075524
-0.071435
-0.069503
-0.068568
-0.069989
-0.072116
-0.074967
-0.077771
-0.080776
-0.082323
-0.082646
-0.081687
-0.079466
-0.075892
-0.072678
-0.068942
-0.066734
-0.065425
-0.064976
-0.065771
-0.066376
-0.067307
-0.068503
-0.069541
-0.070545
-0.072095
-0.073740
-0.076836
-0.081003
-0.085389
-0.090470
-0.095374
-0.099538
-0.102314
-0.103527
-0.102304
-0.099561
-0.095298
-0.090252
-0.085861
-0.082192
-0.079926
-0.079250
-0.079929
-0.081143
-0.082623
-0.083344
-0.083630
-0.082745
-0.080443
-0.077470
-0.074124
-0.071435
-0.069568
-0.068622
-0.068879
-0.070779
-0.073169
-0.075963
-0.078826
-0.080988
-0.083160
-0.084799
-0.086437
-0.087822
-0.089849
-0.091635
-0.093520
-0.095314
-0.096941
-0.097982
-0.098233
-0.097556
-0.096465
-0.094523
-0.092281
-0.089784
-0.087405
-0.085425
-0.083693
-0.082119
-0.081401
-0.081231
-0.080890
-0.081144
-0.081139
-0.080723
-0.080952
-0.080501
-0.080021
-0.078894
-0.078143
-0.077003
-0.075700
-0.074855
-0.073840
-0.073533
-0.073850
-0.074946
-0.077523
-0.080373
-0.083708
-0.087652
-0.091643
-0.095246
-0.098458
-0.101788
-0.104464
-0.107400
-0.109441
-0.111256
-0.111932
-0.111723
-0.110716
-0.108793
-0.105942
-0.102725
-0.099798
-0.096788
-0.094352
-0.092130
-0.090133
-0.088476
-0.086930
-0.085307
-0.083968
-0.082164
-0.079999
-0.077371
-0.074477
-0.071716
-0.068935
-0.066657
-0.064752
-0.063655
-0.064061
-0.065381
-0.067144
-0.069787
-0.072026
-0.073809
-0.074867
-0.074863
-0.073932
-0.073004
-0.071638
-0.070693
-0.070174
-0.070653
-0.071579
-0.072789
-0.074695
-0.076453
-0.078180
-0.079645
-0.081165
-0.082763
-0.085200
-0.087644
-0.091668
-0.096875
-0.102799
-0.108797
-0.114675
-0.119078
-0.121189
-0.120403
-0.116538
-0.110559
-0.102628
-0.093770
-0.084914
-0.076958
-0.070547
-0.066294
-0.063688
-0.062993
-0.064148
-0.066887
-0.070098
-0.074046
-0.078491
-0.082717
-0.087651
-0.092800
-0.097702
-0.102324
-0.106184
-0.108548
-0.109100
-0.108190
-0.105165
-0.101173
-0.096036
-0.090616
-0.085039
-0.080394
-0.076422
-0.073586
-0.072221
-0.072097
-0.073288
-0.075011
-0.077697
-0.080840
-0.084425
-0.087849
-0.091150
-0.093986
-0.095501
-0.095688
-0.093969
-0.090897
-0.086395
-0.080953
-0.075699
-0.071114
-0.068257
-0.066735
-0.067604
-0.069219
-0.071467
-0.074371
-0.077154
-0.079957
-0.082281
-0.083836
-0.085623
-0.087237
-0.088476
-0.089544
-0.090989
-0.092224
-0.093598
-0.094747
-0.095302
-0.095612
-0.094511
-0.093214
-0.091858
-0.090383
-0.090071
-0.089931
-0.090251
-0.091103
-0.092537
-0.093992
-0.094369
-0.093885
-0.092609
-0.089836
-0.086021
-0.080741
-0.076199
-0.070809
-0.066530
-0.063166
-0.061057
-0.060758
-0.061722
-0.063893
-0.066453
-0.069464
-0.072489
-0.075362
-0.077908
-0.079760
-0.080379
-0.080780
-0.080360
-0.079847
-0.078823
-0.077932
-0.077329
-0.076873
-0.077309
-0.077508
-0.077986
-0.079046
-0.080615
-0.082768
-0.085372
-0.088707
-0.092778
-0.096614
-0.100313
-0.103894
-0.106516
-0.107799
-0.108036
-0.106642
-0.103861
-0.100274
-0.095993
-0.091575
-0.087043
-0.082772
-0.079492
-0.076944
-0.075749
-0.076033
-0.078060
-0.080865
-0.084892
-0.090005
-0.094384
-0.098375
-0.101184
-0.102474
-0.102558
-0.100892
-0.098349
-0.095278
-0.092567
-0.089885
-0.087364
-0.085187
-0.083183
-0.080851
-0.077753
-0.074750
-0.071125
-0.068106
-0.066122
-0.065297
-0.066413
-0.069043
-0.072864
-0.077240
-0.081155
-0.083939
-0.085931
-0.086620
-0.086503
-0.085978
-0.085460
-0.085419
-0.085493
-0.086261
-0.087173
-0.088072
-0.089179
-0.089220
-0.088455
-0.087491
-0.085258
-0.082316
-0.079702
-0.077648
-0.076500
-0.076675
-0.078158
-0.080644
-0.083316
-0.086234
-0.088718
-0.091083
-0.092663
-0.094339
-0.096467
-0.098850
-0.101644
-0.104209
-0.106863
-0.108188
-0.108838
-0.108009
-0.105744
-0.102060
-0.097305
-0.091613
-0.085283
-0.079200
-0.073543
-0.068869
-0.065535
-0.063296
-0.062698
-0.062897
-0.064389
-0.066081
-0.067973
-0.070764
-0.073262
-0.076405
-0.079452
-0.082178
-0.084319
-0.086164
-0.086950
-0.087000
-0.086494
-0.085922
-0.085169
-0.084714
-0.083953
-0.083540
-0.082983
-0.082665
-0.082281
-0.082309
-0.082491
-0.083684
-0.084904
-0.087433
-0.090301
-0.093226
-0.095641
-0.097251
-0.097463
-0.096379
-0.094349
-0.091376
-0.087832
-0.084792
-0.082415
-0.080699
-0.080448
-0.080468
-0.080426
-0.080223
-0.079875
-0.079436
-0.078631
-0.078262
-0.078341
-0.078966
-0.080474
-0.082327
-0.085015
-0.087133
-0.089602
-0.091767
-0.093617
-0.095124
-0.095663
-0.096614
-0.096891
-0.097017
-0.096753
-0.096521
-0.096221
-0.095285
-0.094294
-0.092572
-0.090071
-0.086916
-0.083307
-0.079075
-0.075020
-0.071512
-0.068411
-0.066389
-0.065069
-0.064750
-0.065360
-0.066007
-0.066853
-0.068247
-0.069205
-0.069583
-0.070187
-0.071226
-0.072202
-0.073460
-0.074727
-0.076333
-0.077906
-0.079310
-0.080332
-0.081312
-0.082003
-0.083053
-0.084012
-0.085919
-0.088334
-0.091578
-0.096122
-0.100984
-0.105967
-0.110659
-0.114874
-0.117381
-0.118072
-0.116546
-0.113297
-0.108532
-0.102748
-0.096706
-0.091196
-0.086734
-0.082501
-0.079110
-0.075572
-0.072109
-0.068182
-0.063816
-0.059297
-0.055724
-0.053248
-0.052708
-0.054528
-0.058635
-0.064099
-0.070143
-0.075866
-0.080844
-0.084078
-0.085051
-0.084835
-0.083055
-0.080622
-0.078470
-0.077240
-0.077626
-0.078747
-0.081721
-0.085405
-0.089241
-0.092741
-0.094737
-0.095581
-0.095023
-0.093984
-0.092403
-0.090888
-0.089256
-0.088311
-0.087916
-0.087459
-0.087197
-0.086718
-0.085917
-0.084852
-0.083371
-0.082291
-0.081194
-0.081037
-0.081869
-0.083383
-0.085947
-0.088849
-0.091768
-0.094311
-0.096505
-0.097786
-0.098265
-0.098414
-0.097280
-0.096043
-0.094384
-0.092264
-0.089974
-0.088097
-0.086211
-0.084905
-0.084875
-0.085790
-0.087161
-0.089419
-0.091911
-0.094071
-0.095932
-0.096420
-0.096321
-0.094869
-0.092190
-0.088358
-0.084486
-0.080173
-0.076086
-0.072203
-0.069308
-0.067106
-0.065427
-0.064635
-0.064643
-0.065648
-0.067401
-0.070256
-0.073783
-0.078313
-0.082968
-0.088036
-0.092313
-0.095710
-0.097774
-0.098799
-0.097958
-0.095985
-0.092784
-0.089218
-0.085511
-0.082258
-0.079533
-0.077442
-0.076538
-0.076203
-0.076665
-0.077755
-0.080351
-0.083253
-0.086890
-0.090653
-0.095108
-0.099246
-0.102946
-0.105828
-0.107115
-0.106937
-0.105754
-0.102610
-0.098653
-0.093968
-0.089202
-0.084694
-0.080536
-0.076621
-0.073737
-0.071147
-0.069346
-0.068153
-0.068231
-0.069562
-0.072040
-0.075621
-0.079237
-0.083226
-0.086167
-0.088160
-0.088283
-0.087633
-0.085868
-0.084211
-0.082468
-0.081174
-0.080293
-0.080368
-0.080217
-0.080046
-0.079602
-0.078040
-0.076199
-0.073730
-0.070953
-0.068705
-0.067661
-0.068075
-0.069727
-0.072662
-0.076605
-0.080515
-0.084208
-0.087321
-0.089709
-0.091632
-0.092936
-0.094048
-0.095378
-0.096857
-0.098651
-0.100352
-0.102113
-0.103284
-0.103630
-0.103432
-0.102757
-0.101089
-0.098857
-0.096523
-0.094010
-0.091759
-0.089904
-0.088846
-0.087881
-0.087531
-0.088248
-0.089337
-0.090163
-0.091035
-0.091523
-0.090766
-0.089686
-0.087622
-0.084771
-0.081895
-0.079352
-0.077110
-0.075083
-0.074022
-0.073336
-0.072665
-0.072407
-0.071927
-0.071479
-0.071268
-0.071391
-0.071961
-0.072725
-0.074280
-0.075948
-0.078118
-0.080176
-0.081723
-0.083093
-0.083703
-0.083391
-0.082616
-0.081569
-0.080033
-0.078807
-0.077872
-0.077232
-0.077487
-0.078547
-0.079883
-0.081969
-0.084463
-0.087273
-0.089921
-0.092782
-0.095531
-0.097514
-0.099600
-0.100670
-0.101255
-0.100056
-0.098340
-0.095123
-0.091822
-0.088588
-0.085488
-0.082970
-0.081890
-0.081098
-0.080627
-0.080355
-0.079716
-0.078857
-0.077878
-0.077020
-0.075996
-0.075279
-0.075277
-0.075210
-0.075927
-0.076718
-0.077404
-0.078504
-0.078934
-0.079038
-0.079352
-0.079240
-0.079498
-0.080479
-0.082953
-0.086200
-0.090232
-0.094726
-0.098794
-0.101878
-0.103161
-0.102929
-0.100761
-0.097947
-0.094199
-0.090069
-0.086331
-0.082920
-0.079881
-0.077041
-0.074970
-0.072784
-0.071494
-0.071083
-0.071961
-0.074330
-0.078745
-0.084055
-0.090283
-0.096768
-0.102569
-0.106880
-0.109083
-0.109111
-0.107448
-0.104036
-0.099736
-0.095403
-0.091502
-0.087585
-0.084505
-0.082221
-0.080528
-0.079656
-0.079245
-0.079673
-0.080776
-0.082977
-0.085891
-0.090367
-0.095142
-0.100882
-0.106283
-0.110517
-0.113143
-0.113758
-0.111959
-0.107685
-0.101689
-0.094895
-0.087602
-0.080758
-0.074723
-0.069246
-0.064600
-0.060917
-0.057334
-0.054346
-0.052645
-0.051620
-0.051794
-0.052844
-0.055333
-0.058199
-0.061794
-0.065356
-0.069020
-0.072130
-0.074392
-0.076185
-0.076945
-0.077324
-0.078083
-0.079033
-0.080669
-0.082609
-0.085183
-0.088106
-0.091170
-0.093817
-0.096544
-0.098565
-0.100251
-0.101000
-0.101627
-0.102047
-0.101963
-0.101775
-0.100969
-0.100095
-0.098525
-0.096907
-0.094615
-0.092598
-0.089982
-0.087487
-0.085257
-0.082971
-0.080974
-0.079041
-0.077388
-0.076085
-0.075342
-0.074827
-0.075436
-0.076276
-0.077409
-0.078739
-0.079458
-0.079706
-0.080080
-0.080078
-0.080606
-0.081043
-0.081910
-0.083542
-0.085330
-0.087002
-0.088869
-0.089680
-0.090367
-0.090353
-0.089375
-0.088228
-0.087031
-0.085898
-0.084841
-0.084144
-0.083847
-0.083351
-0.082743
-0.082384
-0.082575
-0.082700
-0.083531
-0.084764
-0.086114
-0.087890
-0.088978
-0.089847
-0.089880
-0.088867
-0.087196
-0.085312
-0.083590
-0.082180
-0.081593
-0.082248
-0.083298
-0.084507
-0.086063
-0.087325
-0.087422
-0.086828
-0.085515
-0.083736
-0.082492
-0.082124
-0.082415
-0.084104
-0.086180
-0.088707
-0.091086
-0.091975
-0.091888
-0.090097
-0.087210
-0.083935
-0.080551
-0.078200
-0.076624
-0.076323
-0.077385
-0.078266
-0.079917
-0.080596
-0.080464
-0.078816
-0.076610
-0.073307
-0.069355
-0.066498
-0.063982
-0.063338
-0.063275
-0.064186
-0.065491
-0.066948
-0.068792
-0.070573
-0.073173
-0.076280
-0.080540
-0.085727
-0.091128
-0.096391
-0.101278
-0.104914
-0.106959
-0.107426
-0.106226
-0.103701
-0.100148
-0.095461
-0.091083
-0.086737
-0.083076
-0.080610
-0.078785
-0.077516
-0.077145
-0.076901
-0.077325
-0.078508
-0.080623
-0.084195
-0.087960
-0.092478
-0.097215
-0.101467
-0.104656
-0.106071
-0.106265
-0.104691
-0.101643
-0.097890
-0.093451
-0.089228
-0.085845
-0.083235
-0.081661
-0.081718
-0.083097
-0.085768
-0.088334
-0.091067
-0.093369
-0.095316
-0.096503
-0.096967
-0.097046
-0.096341
-0.095613
-0.094081
-0.091616
-0.088392
-0.084292
-0.079405
-0.074308
-0.068843
-0.063840
-0.059081
-0.055077
-0.053228
-0.052664
-0.054195
-0.057227
-0.061983
-0.067690
-0.073611
-0.079993
-0.085370
-0.090082
-0.092279
-0.093789
-0.094846
-0.095097
-0.095492
-0.096201
-0.097513
-0.099054
-0.100580
-0.101260
-0.100783
-0.099497
-0.097909
-0.095356
-0.093343
-0.092790
-0.092890
-0.094424
-0.096478
-0.098379
-0.099353
-0.098585
-0.095791
-0.091342
-0.085408
-0.078861
-0.073382
-0.069244
-0.067083
-0.066800
-0.068472
-0.071106
-0.073696
-0.075149
-0.074855
-0.072905
-0.069611
-0.065767
-0.062300
-0.060136
-0.060364
-0.062588
-0.066519
-0.070857
-0.075038
-0.077735
-0.079352
-0.079226
-0.078993
-0.078838
-0.080173
-0.083542
-0.088274
-0.094360
-0.100983
-0.107424
-0.112121
-0.114832
-0.114847
-0.112493
-0.108184
-0.102571
-0.095888
-0.089868
-0.084094
-0.080108
-0.077266
-0.075358
-0.074468
-0.073882
-0.073560
-0.073387
-0.073669
-0.074392
-0.076313
-0.079076
-0.082504
-0.086144
-0.089533
-0.091679
-0.092308
-0.091552
-0.089425
-0.086678
-0.084077
-0.081585
-0.080776
-0.080795
-0.082362
-0.084340
-0.085866
-0.087204
-0.087524
-0.087962
-0.088487
-0.089553
-0.091166
-0.093470
-0.095375
-0.097177
-0.097568
-0.096141
-0.093330
-0.088564
-0.082875
-0.077093
-0.071216
-0.066727
-0.063317
-0.061305
-0.060989
-0.061761
-0.063364
-0.065449
-0.067657
-0.070021
-0.072614
-0.075568
-0.078278
-0.081155
-0.084469
-0.087028
-0.088364
-0.089238
-0.088704
-0.087997
-0.086050
-0.084323
-0.082778
-0.081649
-0.081851
-0.083129
-0.084668
-0.086698
-0.088538
-0.090422
-0.091942
-0.092954
-0.093285
-0.093667
-0.093952
-0.094656
-0.095236
-0.096298
-0.097036
-0.097669
-0.097672
-0.097082
-0.095701
-0.093966
-0.091088
-0.088259
-0.085451
-0.082631
-0.080604
-0.079392
-0.078881
-0.078561
-0.078829
-0.078330
-0.077750
-0.075881
-0.072778
-0.068827
-0.064404
-0.060205
-0.056927
-0.055562
-0.057027
-0.060202
-0.065629
-0.072419
-0.078867
-0.084409
-0.088351
-0.089849
-0.090303
-0.090129
-0.090077
-0.091045
-0.093347
-0.097047
-0.101336
